<?xml version="1.0" encoding="utf-8"?>
<!-- Generator: Adobe Illustrator 19.0.0, SVG Export Plug-In . SVG Version: 6.00 Build 0)  -->
<svg version="1.1" id="Layer_1" xmlns="http://www.w3.org/2000/svg" xmlns:xlink="http://www.w3.org/1999/xlink" x="0px" y="0px"
	 viewBox="0 0 480 550" style="enable-background:new 0 0 480 550;" xml:space="preserve">
<style type="text/css">
	.st0{fill:#FDE1E1;}
	.st1{fill:#FAC4C5;}
	.st2{fill:#F7A8A9;}
	.st3{fill:#F58D8E;}
	.st4{fill:#F27072;}
	.st5{fill:#F15757;}
	.st6{fill:#EF403E;}
	.st7{fill:#EE2B2A;}
	.st8{fill:#ED2224;}
	.st9{fill:#FFFFFF;}
	.st10{clip-path:url(#SVGID_2_);fill:none;stroke:#FFFFFF;stroke-width:1.4953;stroke-linejoin:round;stroke-miterlimit:10;}
	.st11{fill:none;stroke:#000000;stroke-width:0.7484;stroke-linejoin:round;stroke-miterlimit:10;}
	.st12{fill:none;stroke:#000000;stroke-width:0.5;stroke-linejoin:round;stroke-miterlimit:10;}
	.st13{fill:none;stroke:#282A74;stroke-width:0.7484;stroke-linecap:round;stroke-linejoin:round;stroke-miterlimit:10;}
	.st14{fill:none;stroke:#03A9F4;stroke-width:2;stroke-linecap:round;stroke-linejoin:round;stroke-miterlimit:10;}
	.st15{fill:#555555;}
	.st16{font-family:'Lato-Regular';}
	.st17{font-size:8.7735px;}
	.st18{font-size:8.8px;}
	.st19{font-size:7.4194px;}
	.st20{fill:#555655;}
	.st21{font-family:'Merriweather';}
	.st22{font-size:11px;}
	.st23{enable-background:new    ;}
</style>
<polygon id="XMLID_280_" class="st0" points="90.8,276.8 97.8,292.7 104.7,280.8 111.7,264.1 118.6,264.9 124.8,268.9 131.8,268.9 
	138.7,273.6 145.7,271.2 152.6,242.6 159.6,226.7 166.5,206.8 172.7,206.8 179.7,213.2 186.6,236.3 193.6,268.9 200.5,246.6 
	207.5,268.9 214.4,277.6 220.6,260.9 227.6,283.2 234.5,287.9 241.5,285.6 248.4,282.4 255.4,271.2 262.3,272 268.5,251.4 
	275.5,264.9 282.4,276.8 289.4,255.3 296.3,284 303.3,277.6 310.2,264.1 316.4,280 323.4,264.1 330.3,263.3 337.3,294.3 
	344.2,298.3 351.2,307 358.1,320.5 364.3,315 371.3,315 378.2,316.6 385.2,319.7 392.1,322.9 399.1,326.9 406,330.9 412.2,335.6 
	412.2,347.6 406,342 399.1,337.2 392.1,333.3 385.2,328.5 378.2,325.3 371.3,322.1 364.3,320.5 358.1,324.5 351.2,307 344.2,298.3 
	337.3,294.3 330.3,263.3 323.4,264.1 316.4,280 310.2,264.1 303.3,277.6 296.3,284 289.4,255.3 282.4,276.8 275.5,264.9 
	268.5,251.4 262.3,272 255.4,271.2 248.4,282.4 241.5,285.6 234.5,287.9 227.6,283.2 220.6,260.9 214.4,277.6 207.5,268.9 
	200.5,246.6 193.6,268.9 186.6,236.3 179.7,213.2 172.7,206.8 166.5,206.8 159.6,226.7 152.6,242.6 145.7,271.2 138.7,273.6 
	131.8,268.9 124.8,268.9 118.6,264.9 111.7,264.1 104.7,280.8 97.8,292.7 "/>
<polygon id="XMLID_279_" class="st1" points="90.8,276.8 97.8,292.7 104.7,280.8 111.7,264.1 118.6,264.9 124.8,268.9 131.8,268.9 
	138.7,273.6 145.7,271.2 152.6,242.6 159.6,226.7 166.5,206.8 172.7,206.8 179.7,213.2 186.6,236.3 193.6,268.9 200.5,246.6 
	207.5,268.9 214.4,277.6 220.6,260.9 227.6,283.2 234.5,287.9 241.5,285.6 248.4,282.4 255.4,271.2 262.3,272 268.5,251.4 
	275.5,264.9 282.4,276.8 289.4,255.3 296.3,284 303.3,277.6 310.2,264.1 316.4,280 323.4,264.1 330.3,263.3 337.3,294.3 
	344.2,298.3 351.2,307 358.1,318.2 364.3,311 371.3,310.2 378.2,311.8 385.2,313.4 392.1,316.6 399.1,319.7 406,322.9 412.2,327.7 
	412.2,335.6 406,330.9 399.1,326.9 392.1,322.9 385.2,319.7 378.2,316.6 371.3,315 364.3,315 358.1,320.5 351.2,307 344.2,298.3 
	337.3,294.3 330.3,263.3 323.4,264.1 316.4,280 310.2,264.1 303.3,277.6 296.3,284 289.4,255.3 282.4,276.8 275.5,264.9 
	268.5,251.4 262.3,272 255.4,271.2 248.4,282.4 241.5,285.6 234.5,287.9 227.6,283.2 220.6,260.9 214.4,277.6 207.5,268.9 
	200.5,246.6 193.6,268.9 186.6,236.3 179.7,213.2 172.7,206.8 166.5,206.8 159.6,226.7 152.6,242.6 145.7,271.2 138.7,273.6 
	131.8,268.9 124.8,268.9 118.6,264.9 111.7,264.1 104.7,280.8 97.8,292.7 "/>
<polygon id="XMLID_278_" class="st2" points="90.8,276.8 97.8,292.7 104.7,280.8 111.7,264.1 118.6,264.9 124.8,268.9 131.8,268.9 
	138.7,273.6 145.7,271.2 152.6,242.6 159.6,226.7 166.5,206.8 172.7,206.8 179.7,213.2 186.6,236.3 193.6,268.9 200.5,246.6 
	207.5,268.9 214.4,277.6 220.6,260.9 227.6,283.2 234.5,287.9 241.5,285.6 248.4,282.4 255.4,271.2 262.3,272 268.5,251.4 
	275.5,264.9 282.4,276.8 289.4,255.3 296.3,284 303.3,277.6 310.2,264.1 316.4,280 323.4,264.1 330.3,263.3 337.3,294.3 
	344.2,298.3 351.2,307 358.1,315.8 364.3,307.8 371.3,306.2 378.2,307 385.2,308.6 392.1,311 399.1,313.4 406,316.6 412.2,320.5 
	412.2,327.7 406,322.9 399.1,319.7 392.1,316.6 385.2,313.4 378.2,311.8 371.3,310.2 364.3,311 358.1,318.2 351.2,307 344.2,298.3 
	337.3,294.3 330.3,263.3 323.4,264.1 316.4,280 310.2,264.1 303.3,277.6 296.3,284 289.4,255.3 282.4,276.8 275.5,264.9 
	268.5,251.4 262.3,272 255.4,271.2 248.4,282.4 241.5,285.6 234.5,287.9 227.6,283.2 220.6,260.9 214.4,277.6 207.5,268.9 
	200.5,246.6 193.6,268.9 186.6,236.3 179.7,213.2 172.7,206.8 166.5,206.8 159.6,226.7 152.6,242.6 145.7,271.2 138.7,273.6 
	131.8,268.9 124.8,268.9 118.6,264.9 111.7,264.1 104.7,280.8 97.8,292.7 "/>
<polygon id="XMLID_277_" class="st3" points="90.8,276.8 97.8,292.7 104.7,280.8 111.7,264.1 118.6,264.9 124.8,268.9 131.8,268.9 
	138.7,273.6 145.7,271.2 152.6,242.6 159.6,226.7 166.5,206.8 172.7,206.8 179.7,213.2 186.6,236.3 193.6,268.9 200.5,246.6 
	207.5,268.9 214.4,277.6 220.6,260.9 227.6,283.2 234.5,287.9 241.5,285.6 248.4,282.4 255.4,271.2 262.3,272 268.5,251.4 
	275.5,264.9 282.4,276.8 289.4,255.3 296.3,284 303.3,277.6 310.2,264.1 316.4,280 323.4,264.1 330.3,263.3 337.3,294.3 
	344.2,298.3 351.2,307 358.1,314.2 364.3,304.6 371.3,303 378.2,303 385.2,303.8 392.1,306.2 399.1,308.6 406,311 412.2,315 
	412.2,320.5 406,316.6 399.1,313.4 392.1,311 385.2,308.6 378.2,307 371.3,306.2 364.3,307.8 358.1,315.8 351.2,307 344.2,298.3 
	337.3,294.3 330.3,263.3 323.4,264.1 316.4,280 310.2,264.1 303.3,277.6 296.3,284 289.4,255.3 282.4,276.8 275.5,264.9 
	268.5,251.4 262.3,272 255.4,271.2 248.4,282.4 241.5,285.6 234.5,287.9 227.6,283.2 220.6,260.9 214.4,277.6 207.5,268.9 
	200.5,246.6 193.6,268.9 186.6,236.3 179.7,213.2 172.7,206.8 166.5,206.8 159.6,226.7 152.6,242.6 145.7,271.2 138.7,273.6 
	131.8,268.9 124.8,268.9 118.6,264.9 111.7,264.1 104.7,280.8 97.8,292.7 "/>
<polygon id="XMLID_276_" class="st4" points="90.8,276.8 97.8,292.7 104.7,280.8 111.7,264.1 118.6,264.9 124.8,268.9 131.8,268.9 
	138.7,273.6 145.7,271.2 152.6,242.6 159.6,226.7 166.5,206.8 172.7,206.8 179.7,213.2 186.6,236.3 193.6,268.9 200.5,246.6 
	207.5,268.9 214.4,277.6 220.6,260.9 227.6,283.2 234.5,287.9 241.5,285.6 248.4,282.4 255.4,271.2 262.3,272 268.5,251.4 
	275.5,264.9 282.4,276.8 289.4,255.3 296.3,284 303.3,277.6 310.2,264.1 316.4,280 323.4,264.1 330.3,263.3 337.3,294.3 
	344.2,298.3 351.2,307 358.1,312.6 364.3,302.3 371.3,300.7 378.2,299.9 385.2,300.7 392.1,302.3 399.1,303.8 406,306.2 
	412.2,310.2 412.2,315 406,311 399.1,308.6 392.1,306.2 385.2,303.8 378.2,303 371.3,303 364.3,304.6 358.1,314.2 351.2,307 
	344.2,298.3 337.3,294.3 330.3,263.3 323.4,264.1 316.4,280 310.2,264.1 303.3,277.6 296.3,284 289.4,255.3 282.4,276.8 
	275.5,264.9 268.5,251.4 262.3,272 255.4,271.2 248.4,282.4 241.5,285.6 234.5,287.9 227.6,283.2 220.6,260.9 214.4,277.6 
	207.5,268.9 200.5,246.6 193.6,268.9 186.6,236.3 179.7,213.2 172.7,206.8 166.5,206.8 159.6,226.7 152.6,242.6 145.7,271.2 
	138.7,273.6 131.8,268.9 124.8,268.9 118.6,264.9 111.7,264.1 104.7,280.8 97.8,292.7 "/>
<polygon id="XMLID_275_" class="st5" points="90.8,276.8 97.8,292.7 104.7,280.8 111.7,264.1 118.6,264.9 124.8,268.9 131.8,268.9 
	138.7,273.6 145.7,271.2 152.6,242.6 159.6,226.7 166.5,206.8 172.7,206.8 179.7,213.2 186.6,236.3 193.6,268.9 200.5,246.6 
	207.5,268.9 214.4,277.6 220.6,260.9 227.6,283.2 234.5,287.9 241.5,285.6 248.4,282.4 255.4,271.2 262.3,272 268.5,251.4 
	275.5,264.9 282.4,276.8 289.4,255.3 296.3,284 303.3,277.6 310.2,264.1 316.4,280 323.4,264.1 330.3,263.3 337.3,294.3 
	344.2,298.3 351.2,307 358.1,311 364.3,300.7 371.3,297.5 378.2,296.7 385.2,296.7 392.1,298.3 399.1,299.9 406,301.5 412.2,305.4 
	412.2,310.2 406,306.2 399.1,303.8 392.1,302.3 385.2,300.7 378.2,299.9 371.3,300.7 364.3,302.3 358.1,312.6 351.2,307 
	344.2,298.3 337.3,294.3 330.3,263.3 323.4,264.1 316.4,280 310.2,264.1 303.3,277.6 296.3,284 289.4,255.3 282.4,276.8 
	275.5,264.9 268.5,251.4 262.3,272 255.4,271.2 248.4,282.4 241.5,285.6 234.5,287.9 227.6,283.2 220.6,260.9 214.4,277.6 
	207.5,268.9 200.5,246.6 193.6,268.9 186.6,236.3 179.7,213.2 172.7,206.8 166.5,206.8 159.6,226.7 152.6,242.6 145.7,271.2 
	138.7,273.6 131.8,268.9 124.8,268.9 118.6,264.9 111.7,264.1 104.7,280.8 97.8,292.7 "/>
<polygon id="XMLID_274_" class="st6" points="90.8,276.8 97.8,292.7 104.7,280.8 111.7,264.1 118.6,264.9 124.8,268.9 131.8,268.9 
	138.7,273.6 145.7,271.2 152.6,242.6 159.6,226.7 166.5,206.8 172.7,206.8 179.7,213.2 186.6,236.3 193.6,268.9 200.5,246.6 
	207.5,268.9 214.4,277.6 220.6,260.9 227.6,283.2 234.5,287.9 241.5,285.6 248.4,282.4 255.4,271.2 262.3,272 268.5,251.4 
	275.5,264.9 282.4,276.8 289.4,255.3 296.3,284 303.3,277.6 310.2,264.1 316.4,280 323.4,264.1 330.3,263.3 337.3,294.3 
	344.2,298.3 351.2,307 358.1,309.4 364.3,298.3 371.3,295.1 378.2,293.5 385.2,293.5 392.1,294.3 399.1,295.9 406,297.5 
	412.2,300.7 412.2,305.4 406,301.5 399.1,299.9 392.1,298.3 385.2,296.7 378.2,296.7 371.3,297.5 364.3,300.7 358.1,311 351.2,307 
	344.2,298.3 337.3,294.3 330.3,263.3 323.4,264.1 316.4,280 310.2,264.1 303.3,277.6 296.3,284 289.4,255.3 282.4,276.8 
	275.5,264.9 268.5,251.4 262.3,272 255.4,271.2 248.4,282.4 241.5,285.6 234.5,287.9 227.6,283.2 220.6,260.9 214.4,277.6 
	207.5,268.9 200.5,246.6 193.6,268.9 186.6,236.3 179.7,213.2 172.7,206.8 166.5,206.8 159.6,226.7 152.6,242.6 145.7,271.2 
	138.7,273.6 131.8,268.9 124.8,268.9 118.6,264.9 111.7,264.1 104.7,280.8 97.8,292.7 "/>
<polygon id="XMLID_273_" class="st7" points="90.8,276.8 97.8,292.7 104.7,280.8 111.7,264.1 118.6,264.9 124.8,268.9 131.8,268.9 
	138.7,273.6 145.7,271.2 152.6,242.6 159.6,226.7 166.5,206.8 172.7,206.8 179.7,213.2 186.6,236.3 193.6,268.9 200.5,246.6 
	207.5,268.9 214.4,277.6 220.6,260.9 227.6,283.2 234.5,287.9 241.5,285.6 248.4,282.4 255.4,271.2 262.3,272 268.5,251.4 
	275.5,264.9 282.4,276.8 289.4,255.3 296.3,284 303.3,277.6 310.2,264.1 316.4,280 323.4,264.1 330.3,263.3 337.3,294.3 
	344.2,298.3 351.2,307 358.1,307.8 364.3,295.9 371.3,292.7 378.2,290.3 385.2,290.3 392.1,291.1 399.1,291.9 406,293.5 
	412.2,295.9 412.2,300.7 406,297.5 399.1,295.9 392.1,294.3 385.2,293.5 378.2,293.5 371.3,295.1 364.3,298.3 358.1,309.4 
	351.2,307 344.2,298.3 337.3,294.3 330.3,263.3 323.4,264.1 316.4,280 310.2,264.1 303.3,277.6 296.3,284 289.4,255.3 282.4,276.8 
	275.5,264.9 268.5,251.4 262.3,272 255.4,271.2 248.4,282.4 241.5,285.6 234.5,287.9 227.6,283.2 220.6,260.9 214.4,277.6 
	207.5,268.9 200.5,246.6 193.6,268.9 186.6,236.3 179.7,213.2 172.7,206.8 166.5,206.8 159.6,226.7 152.6,242.6 145.7,271.2 
	138.7,273.6 131.8,268.9 124.8,268.9 118.6,264.9 111.7,264.1 104.7,280.8 97.8,292.7 "/>
<polygon id="XMLID_272_" class="st8" points="90.8,276.8 97.8,292.7 104.7,280.8 111.7,264.1 118.6,264.9 124.8,268.9 131.8,268.9 
	138.7,273.6 145.7,271.2 152.6,242.6 159.6,226.7 166.5,206.8 172.7,206.8 179.7,213.2 186.6,236.3 193.6,268.9 200.5,246.6 
	207.5,268.9 214.4,277.6 220.6,260.9 227.6,283.2 234.5,287.9 241.5,285.6 248.4,282.4 255.4,271.2 262.3,272 268.5,251.4 
	275.5,264.9 282.4,276.8 289.4,255.3 296.3,284 303.3,277.6 310.2,264.1 316.4,280 323.4,264.1 330.3,263.3 337.3,294.3 
	344.2,298.3 351.2,307 358.1,304.6 364.3,291.9 371.3,287.1 378.2,284.8 385.2,283.2 392.1,283.2 399.1,284 406,284.8 412.2,287.1 
	412.2,295.9 406,293.5 399.1,291.9 392.1,291.1 385.2,290.3 378.2,290.3 371.3,292.7 364.3,295.9 358.1,307.8 351.2,307 
	344.2,298.3 337.3,294.3 330.3,263.3 323.4,264.1 316.4,280 310.2,264.1 303.3,277.6 296.3,284 289.4,255.3 282.4,276.8 
	275.5,264.9 268.5,251.4 262.3,272 255.4,271.2 248.4,282.4 241.5,285.6 234.5,287.9 227.6,283.2 220.6,260.9 214.4,277.6 
	207.5,268.9 200.5,246.6 193.6,268.9 186.6,236.3 179.7,213.2 172.7,206.8 166.5,206.8 159.6,226.7 152.6,242.6 145.7,271.2 
	138.7,273.6 131.8,268.9 124.8,268.9 118.6,264.9 111.7,264.1 104.7,280.8 97.8,292.7 "/>
<polygon id="XMLID_271_" class="st7" points="90.8,276.8 97.8,292.7 104.7,280.8 111.7,264.1 118.6,264.9 124.8,268.9 131.8,268.9 
	138.7,273.6 145.7,271.2 152.6,242.6 159.6,226.7 166.5,206.8 172.7,206.8 179.7,213.2 186.6,236.3 193.6,268.9 200.5,246.6 
	207.5,268.9 214.4,277.6 220.6,260.9 227.6,283.2 234.5,287.9 241.5,285.6 248.4,282.4 255.4,271.2 262.3,272 268.5,251.4 
	275.5,264.9 282.4,276.8 289.4,255.3 296.3,284 303.3,277.6 310.2,264.1 316.4,280 323.4,264.1 330.3,263.3 337.3,294.3 
	344.2,298.3 351.2,307 358.1,303 364.3,289.5 371.3,284.8 378.2,281.6 385.2,280 392.1,280 399.1,280 406,280 412.2,282.4 
	412.2,287.1 406,284.8 399.1,284 392.1,283.2 385.2,283.2 378.2,284.8 371.3,287.1 364.3,291.9 358.1,304.6 351.2,307 344.2,298.3 
	337.3,294.3 330.3,263.3 323.4,264.1 316.4,280 310.2,264.1 303.3,277.6 296.3,284 289.4,255.3 282.4,276.8 275.5,264.9 
	268.5,251.4 262.3,272 255.4,271.2 248.4,282.4 241.5,285.6 234.5,287.9 227.6,283.2 220.6,260.9 214.4,277.6 207.5,268.9 
	200.5,246.6 193.6,268.9 186.6,236.3 179.7,213.2 172.7,206.8 166.5,206.8 159.6,226.7 152.6,242.6 145.7,271.2 138.7,273.6 
	131.8,268.9 124.8,268.9 118.6,264.9 111.7,264.1 104.7,280.8 97.8,292.7 "/>
<polygon id="XMLID_270_" class="st6" points="90.8,276.8 97.8,292.7 104.7,280.8 111.7,264.1 118.6,264.9 124.8,268.9 131.8,268.9 
	138.7,273.6 145.7,271.2 152.6,242.6 159.6,226.7 166.5,206.8 172.7,206.8 179.7,213.2 186.6,236.3 193.6,268.9 200.5,246.6 
	207.5,268.9 214.4,277.6 220.6,260.9 227.6,283.2 234.5,287.9 241.5,285.6 248.4,282.4 255.4,271.2 262.3,272 268.5,251.4 
	275.5,264.9 282.4,276.8 289.4,255.3 296.3,284 303.3,277.6 310.2,264.1 316.4,280 323.4,264.1 330.3,263.3 337.3,294.3 
	344.2,298.3 351.2,307 358.1,301.5 364.3,287.1 371.3,281.6 378.2,278.4 385.2,276 392.1,276 399.1,275.2 406,276 412.2,277.6 
	412.2,282.4 406,280 399.1,280 392.1,280 385.2,280 378.2,281.6 371.3,284.8 364.3,289.5 358.1,303 351.2,307 344.2,298.3 
	337.3,294.3 330.3,263.3 323.4,264.1 316.4,280 310.2,264.1 303.3,277.6 296.3,284 289.4,255.3 282.4,276.8 275.5,264.9 
	268.5,251.4 262.3,272 255.4,271.2 248.4,282.4 241.5,285.6 234.5,287.9 227.6,283.2 220.6,260.9 214.4,277.6 207.5,268.9 
	200.5,246.6 193.6,268.9 186.6,236.3 179.7,213.2 172.7,206.8 166.5,206.8 159.6,226.7 152.6,242.6 145.7,271.2 138.7,273.6 
	131.8,268.9 124.8,268.9 118.6,264.9 111.7,264.1 104.7,280.8 97.8,292.7 "/>
<polygon id="XMLID_269_" class="st5" points="90.8,276.8 97.8,292.7 104.7,280.8 111.7,264.1 118.6,264.9 124.8,268.9 131.8,268.9 
	138.7,273.6 145.7,271.2 152.6,242.6 159.6,226.7 166.5,206.8 172.7,206.8 179.7,213.2 186.6,236.3 193.6,268.9 200.5,246.6 
	207.5,268.9 214.4,277.6 220.6,260.9 227.6,283.2 234.5,287.9 241.5,285.6 248.4,282.4 255.4,271.2 262.3,272 268.5,251.4 
	275.5,264.9 282.4,276.8 289.4,255.3 296.3,284 303.3,277.6 310.2,264.1 316.4,280 323.4,264.1 330.3,263.3 337.3,294.3 
	344.2,298.3 351.2,307 358.1,299.9 364.3,284.8 371.3,278.4 378.2,274.4 385.2,272 392.1,271.2 399.1,271.2 406,271.2 412.2,272 
	412.2,277.6 406,276 399.1,275.2 392.1,276 385.2,276 378.2,278.4 371.3,281.6 364.3,287.1 358.1,301.5 351.2,307 344.2,298.3 
	337.3,294.3 330.3,263.3 323.4,264.1 316.4,280 310.2,264.1 303.3,277.6 296.3,284 289.4,255.3 282.4,276.8 275.5,264.9 
	268.5,251.4 262.3,272 255.4,271.2 248.4,282.4 241.5,285.6 234.5,287.9 227.6,283.2 220.6,260.9 214.4,277.6 207.5,268.9 
	200.5,246.6 193.6,268.9 186.6,236.3 179.7,213.2 172.7,206.8 166.5,206.8 159.6,226.7 152.6,242.6 145.7,271.2 138.7,273.6 
	131.8,268.9 124.8,268.9 118.6,264.9 111.7,264.1 104.7,280.8 97.8,292.7 "/>
<polygon id="XMLID_268_" class="st4" points="90.8,276.8 97.8,292.7 104.7,280.8 111.7,264.1 118.6,264.9 124.8,268.9 131.8,268.9 
	138.7,273.6 145.7,271.2 152.6,242.6 159.6,226.7 166.5,206.8 172.7,206.8 179.7,213.2 186.6,236.3 193.6,268.9 200.5,246.6 
	207.5,268.9 214.4,277.6 220.6,260.9 227.6,283.2 234.5,287.9 241.5,285.6 248.4,282.4 255.4,271.2 262.3,272 268.5,251.4 
	275.5,264.9 282.4,276.8 289.4,255.3 296.3,284 303.3,277.6 310.2,264.1 316.4,280 323.4,264.1 330.3,263.3 337.3,294.3 
	344.2,298.3 351.2,307 358.1,297.5 364.3,282.4 371.3,275.2 378.2,271.2 385.2,268.1 392.1,267.3 399.1,265.7 406,265.7 
	412.2,266.5 412.2,272 406,271.2 399.1,271.2 392.1,271.2 385.2,272 378.2,274.4 371.3,278.4 364.3,284.8 358.1,299.9 351.2,307 
	344.2,298.3 337.3,294.3 330.3,263.3 323.4,264.1 316.4,280 310.2,264.1 303.3,277.6 296.3,284 289.4,255.3 282.4,276.8 
	275.5,264.9 268.5,251.4 262.3,272 255.4,271.2 248.4,282.4 241.5,285.6 234.5,287.9 227.6,283.2 220.6,260.9 214.4,277.6 
	207.5,268.9 200.5,246.6 193.6,268.9 186.6,236.3 179.7,213.2 172.7,206.8 166.5,206.8 159.6,226.7 152.6,242.6 145.7,271.2 
	138.7,273.6 131.8,268.9 124.8,268.9 118.6,264.9 111.7,264.1 104.7,280.8 97.8,292.7 "/>
<polygon id="XMLID_267_" class="st3" points="90.8,276.8 97.8,292.7 104.7,280.8 111.7,264.1 118.6,264.9 124.8,268.9 131.8,268.9 
	138.7,273.6 145.7,271.2 152.6,242.6 159.6,226.7 166.5,206.8 172.7,206.8 179.7,213.2 186.6,236.3 193.6,268.9 200.5,246.6 
	207.5,268.9 214.4,277.6 220.6,260.9 227.6,283.2 234.5,287.9 241.5,285.6 248.4,282.4 255.4,271.2 262.3,272 268.5,251.4 
	275.5,264.9 282.4,276.8 289.4,255.3 296.3,284 303.3,277.6 310.2,264.1 316.4,280 323.4,264.1 330.3,263.3 337.3,294.3 
	344.2,298.3 351.2,307 358.1,295.9 364.3,279.2 371.3,272 378.2,266.5 385.2,263.3 392.1,261.7 399.1,260.9 406,260.1 412.2,260.1 
	412.2,266.5 406,265.7 399.1,265.7 392.1,267.3 385.2,268.1 378.2,271.2 371.3,275.2 364.3,282.4 358.1,297.5 351.2,307 
	344.2,298.3 337.3,294.3 330.3,263.3 323.4,264.1 316.4,280 310.2,264.1 303.3,277.6 296.3,284 289.4,255.3 282.4,276.8 
	275.5,264.9 268.5,251.4 262.3,272 255.4,271.2 248.4,282.4 241.5,285.6 234.5,287.9 227.6,283.2 220.6,260.9 214.4,277.6 
	207.5,268.9 200.5,246.6 193.6,268.9 186.6,236.3 179.7,213.2 172.7,206.8 166.5,206.8 159.6,226.7 152.6,242.6 145.7,271.2 
	138.7,273.6 131.8,268.9 124.8,268.9 118.6,264.9 111.7,264.1 104.7,280.8 97.8,292.7 "/>
<polygon id="XMLID_266_" class="st2" points="90.8,276.8 97.8,292.7 104.7,280.8 111.7,264.1 118.6,264.9 124.8,268.9 131.8,268.9 
	138.7,273.6 145.7,271.2 152.6,242.6 159.6,226.7 166.5,206.8 172.7,206.8 179.7,213.2 186.6,236.3 193.6,268.9 200.5,246.6 
	207.5,268.9 214.4,277.6 220.6,260.9 227.6,283.2 234.5,287.9 241.5,285.6 248.4,282.4 255.4,271.2 262.3,272 268.5,251.4 
	275.5,264.9 282.4,276.8 289.4,255.3 296.3,284 303.3,277.6 310.2,264.1 316.4,280 323.4,264.1 330.3,263.3 337.3,294.3 
	344.2,298.3 351.2,307 358.1,293.5 364.3,276 371.3,267.3 378.2,261.7 385.2,257.7 392.1,256.1 399.1,253.7 406,253 412.2,253 
	412.2,260.1 406,260.1 399.1,260.9 392.1,261.7 385.2,263.3 378.2,266.5 371.3,272 364.3,279.2 358.1,295.9 351.2,307 344.2,298.3 
	337.3,294.3 330.3,263.3 323.4,264.1 316.4,280 310.2,264.1 303.3,277.6 296.3,284 289.4,255.3 282.4,276.8 275.5,264.9 
	268.5,251.4 262.3,272 255.4,271.2 248.4,282.4 241.5,285.6 234.5,287.9 227.6,283.2 220.6,260.9 214.4,277.6 207.5,268.9 
	200.5,246.6 193.6,268.9 186.6,236.3 179.7,213.2 172.7,206.8 166.5,206.8 159.6,226.7 152.6,242.6 145.7,271.2 138.7,273.6 
	131.8,268.9 124.8,268.9 118.6,264.9 111.7,264.1 104.7,280.8 97.8,292.7 "/>
<polygon id="XMLID_265_" class="st1" points="90.8,276.8 97.8,292.7 104.7,280.8 111.7,264.1 118.6,264.9 124.8,268.9 131.8,268.9 
	138.7,273.6 145.7,271.2 152.6,242.6 159.6,226.7 166.5,206.8 172.7,206.8 179.7,213.2 186.6,236.3 193.6,268.9 200.5,246.6 
	207.5,268.9 214.4,277.6 220.6,260.9 227.6,283.2 234.5,287.9 241.5,285.6 248.4,282.4 255.4,271.2 262.3,272 268.5,251.4 
	275.5,264.9 282.4,276.8 289.4,255.3 296.3,284 303.3,277.6 310.2,264.1 316.4,280 323.4,264.1 330.3,263.3 337.3,294.3 
	344.2,298.3 351.2,307 358.1,290.3 364.3,271.2 371.3,262.5 378.2,256.1 385.2,251.4 392.1,248.2 399.1,245.8 406,244.2 
	412.2,244.2 412.2,253 406,253 399.1,253.7 392.1,256.1 385.2,257.7 378.2,261.7 371.3,267.3 364.3,276 358.1,293.5 351.2,307 
	344.2,298.3 337.3,294.3 330.3,263.3 323.4,264.1 316.4,280 310.2,264.1 303.3,277.6 296.3,284 289.4,255.3 282.4,276.8 
	275.5,264.9 268.5,251.4 262.3,272 255.4,271.2 248.4,282.4 241.5,285.6 234.5,287.9 227.6,283.2 220.6,260.9 214.4,277.6 
	207.5,268.9 200.5,246.6 193.6,268.9 186.6,236.3 179.7,213.2 172.7,206.8 166.5,206.8 159.6,226.7 152.6,242.6 145.7,271.2 
	138.7,273.6 131.8,268.9 124.8,268.9 118.6,264.9 111.7,264.1 104.7,280.8 97.8,292.7 "/>
<polygon id="XMLID_264_" class="st0" points="90.8,276.8 97.8,292.7 104.7,280.8 111.7,264.1 118.6,264.9 124.8,268.9 131.8,268.9 
	138.7,273.6 145.7,271.2 152.6,242.6 159.6,226.7 166.5,206.8 172.7,206.8 179.7,213.2 186.6,236.3 193.6,268.9 200.5,246.6 
	207.5,268.9 214.4,277.6 220.6,260.9 227.6,283.2 234.5,287.9 241.5,285.6 248.4,282.4 255.4,271.2 262.3,272 268.5,251.4 
	275.5,264.9 282.4,276.8 289.4,255.3 296.3,284 303.3,277.6 310.2,264.1 316.4,280 323.4,264.1 330.3,263.3 337.3,294.3 
	344.2,298.3 351.2,307 358.1,285.6 364.3,264.9 371.3,254.5 378.2,246.6 385.2,241 392.1,237 399.1,233.9 406,230.7 412.2,229.9 
	412.2,244.2 406,244.2 399.1,245.8 392.1,248.2 385.2,251.4 378.2,256.1 371.3,262.5 364.3,271.2 358.1,290.3 351.2,307 
	344.2,298.3 337.3,294.3 330.3,263.3 323.4,264.1 316.4,280 310.2,264.1 303.3,277.6 296.3,284 289.4,255.3 282.4,276.8 
	275.5,264.9 268.5,251.4 262.3,272 255.4,271.2 248.4,282.4 241.5,285.6 234.5,287.9 227.6,283.2 220.6,260.9 214.4,277.6 
	207.5,268.9 200.5,246.6 193.6,268.9 186.6,236.3 179.7,213.2 172.7,206.8 166.5,206.8 159.6,226.7 152.6,242.6 145.7,271.2 
	138.7,273.6 131.8,268.9 124.8,268.9 118.6,264.9 111.7,264.1 104.7,280.8 97.8,292.7 "/>
<polygon id="XMLID_263_" class="st9" points="90.8,380.2 97.8,380.2 104.7,380.2 111.7,380.2 118.6,380.2 124.8,380.2 131.8,380.2 
	138.7,380.2 145.7,380.2 152.6,380.2 159.6,380.2 166.5,380.2 172.7,380.2 179.7,380.2 186.6,380.2 193.6,380.2 200.5,246.6 
	207.5,380.2 214.4,380.2 220.6,380.2 227.6,380.2 234.5,380.2 241.5,380.2 248.4,380.2 255.4,380.2 262.3,380.2 268.5,380.2 
	275.5,380.2 282.4,380.2 289.4,380.2 296.3,380.2 303.3,380.2 310.2,380.2 316.4,380.2 323.4,380.2 330.3,380.2 337.3,380.2 
	344.2,380.2 351.2,380.2 358.1,380.2 364.3,380.2 371.3,380.2 378.2,380.2 385.2,380.2 392.1,380.2 399.1,380.2 406,380.2 
	412.2,380.2 406,380.2 399.1,380.2 392.1,380.2 385.2,380.2 378.2,380.2 371.3,380.2 364.3,380.2 358.1,380.2 351.2,380.2 
	344.2,380.2 337.3,380.2 330.3,380.2 323.4,380.2 316.4,380.2 310.2,380.2 303.3,380.2 296.3,380.2 289.4,380.2 282.4,380.2 
	275.5,380.2 268.5,380.2 262.3,380.2 255.4,380.2 248.4,380.2 241.5,380.2 234.5,380.2 227.6,380.2 220.6,380.2 214.4,380.2 
	207.5,380.2 200.5,380.2 193.6,380.2 186.6,380.2 179.7,380.2 172.7,380.2 166.5,380.2 159.6,380.2 152.6,380.2 145.7,380.2 
	138.7,380.2 131.8,380.2 124.8,380.2 118.6,380.2 111.7,380.2 104.7,380.2 97.8,380.2 "/>
<g id="XMLID_260_">
	<g>
		<defs>
			<rect id="SVGID_1_" x="87" y="183.8" width="329.1" height="197.2"/>
		</defs>
		<clipPath id="SVGID_2_">
			<use xlink:href="#SVGID_1_"  style="overflow:visible;"/>
		</clipPath>
		<polygon id="XMLID_262_" class="st10" points="90.8,380.2 97.8,380.2 104.7,380.2 111.7,380.2 118.6,380.2 124.8,380.2 
			131.8,380.2 138.7,380.2 145.7,380.2 152.6,380.2 159.6,380.2 166.5,380.2 172.7,380.2 179.7,380.2 186.6,380.2 193.6,380.2 
			200.5,246.6 207.5,380.2 214.4,380.2 220.6,380.2 227.6,380.2 234.5,380.2 241.5,380.2 248.4,380.2 255.4,380.2 262.3,380.2 
			268.5,380.2 275.5,380.2 282.4,380.2 289.4,380.2 296.3,380.2 303.3,380.2 310.2,380.2 316.4,380.2 323.4,380.2 330.3,380.2 
			337.3,380.2 344.2,380.2 351.2,380.2 358.1,380.2 364.3,380.2 371.3,380.2 378.2,380.2 385.2,380.2 392.1,380.2 399.1,380.2 
			406,380.2 412.2,380.2 406,380.2 399.1,380.2 392.1,380.2 385.2,380.2 378.2,380.2 371.3,380.2 364.3,380.2 358.1,380.2 
			351.2,380.2 344.2,380.2 337.3,380.2 330.3,380.2 323.4,380.2 316.4,380.2 310.2,380.2 303.3,380.2 296.3,380.2 289.4,380.2 
			282.4,380.2 275.5,380.2 268.5,380.2 262.3,380.2 255.4,380.2 248.4,380.2 241.5,380.2 234.5,380.2 227.6,380.2 220.6,380.2 
			214.4,380.2 207.5,380.2 200.5,380.2 193.6,380.2 186.6,380.2 179.7,380.2 172.7,380.2 166.5,380.2 159.6,380.2 152.6,380.2 
			145.7,380.2 138.7,380.2 131.8,380.2 124.8,380.2 118.6,380.2 111.7,380.2 104.7,380.2 97.8,380.2 		"/>
	</g>
</g>
<path id="XMLID_243_" class="st11" d="M85,184.2h2.3 M85,197.7h2.3 M85,212h2.3 M85,226.3h2.3 M85,239.8h2.3 M85,254.1h2.3
	 M85,268.5h2.3 M85,282h2.3 M85,296.3h2.3 M85,309.8h2.3 M85,324.1h2.3 M85,338.4h2.3 M85,352h2.3 M85,366.3h2.3 M85,380.6h2.3"/>
<path id="XMLID_226_" class="st12" d="M416.7,184.2h3.1 M416.7,197.7h3.1 M416.7,212h3.1 M416.7,226.3h3.1 M416.7,239.8h3.1
	 M416.7,254.1h3.1 M416.7,268.5h3.1 M416.7,282h3.1 M416.7,296.3h3.1 M416.7,309.8h3.1 M416.7,324.1h3.1 M416.7,338.4h3.1
	 M416.7,352h3.1 M416.7,366.3h3.1 M416.7,380.6h3.1"/>
<line id="XMLID_225_" class="st12" x1="87.3" y1="380.6" x2="415.7" y2="380.6"/>
<polyline id="XMLID_224_" class="st13" points="91.2,276.4 98.2,292.3 104.3,281.2 111.3,263.7 118.2,265.3 125.2,268.5 
	132.2,268.5 139.1,273.2 146.1,270.8 152.2,242.2 159.2,226.3 166.1,207.2 173.1,207.2 180.1,212.8 187,235.9 194,268.5 200.1,247 
	207.1,269.2 214,277.2 221,261.3 228,283.6 234.9,287.5 241.9,285.9 248,282 255,271.6 261.9,271.6 268.9,251.8 275.9,265.3 
	282.8,277.2 289.8,254.9 295.9,283.6 302.9,278 309.8,263.7 316.8,279.6 323.8,263.7 330.7,262.9 337.7,293.9 343.8,297.9 
	350.8,306.6 "/>
<polyline id="XMLID_223_" class="st14" points="91.2,276.4 98.2,292.3 104.3,281.2 111.3,263.7 118.2,265.3 125.2,268.5 
	132.2,268.5 139.1,273.2 146.1,270.8 152.2,242.2 159.2,226.3 166.1,207.2 173.1,207.2 180.1,212.8 187,235.9 194,268.5 200.1,247 
	207.1,269.2 214,277.2 221,261.3 228,283.6 234.9,287.5 241.9,285.9 248,282 255,271.6 261.9,271.6 268.9,251.8 275.9,265.3 
	282.8,277.2 289.8,254.9 295.9,283.6 302.9,278 309.8,263.7 316.8,279.6 323.8,263.7 330.7,262.9 337.7,293.9 343.8,297.9 
	350.8,306.6 "/>
<text transform="matrix(0.9716 0 0 1 69.0083 384.0752)" class="st15 st16 st17">0</text>
<text transform="matrix(0.9716 0 0 1 73.8662 384.0752)" class="st15 st16 st17">.</text>
<text transform="matrix(0.9716 0 0 1 75.8096 384.0752)" class="st15 st16 st17">0</text>
<text transform="matrix(0.9716 0 0 1 69.0083 369.9746)" class="st15 st16 st18">0</text>
<text transform="matrix(0.9716 0 0 1 73.8662 369.9746)" class="st15 st16 st18">.</text>
<text transform="matrix(0.9716 0 0 1 75.8096 369.9746)" class="st15 st16 st18">5</text>
<text transform="matrix(0.9716 0 0 1 69.0083 355.9004)" class="st15 st16 st17">1</text>
<text transform="matrix(0.9716 0 0 1 73.8662 355.9004)" class="st15 st16 st17">.</text>
<text transform="matrix(0.9716 0 0 1 75.8096 355.9004)" class="st15 st16 st17">0</text>
<text transform="matrix(0.9716 0 0 1 69.0083 341.8252)" class="st15 st16 st17">1</text>
<text transform="matrix(0.9716 0 0 1 73.8662 341.8252)" class="st15 st16 st17">.</text>
<text transform="matrix(0.9716 0 0 1 75.8096 341.8252)" class="st15 st16 st17">5</text>
<text transform="matrix(0.9716 0 0 1 69.0083 327.7246)" class="st15 st16 st18">2</text>
<text transform="matrix(0.9716 0 0 1 73.8662 327.7246)" class="st15 st16 st18">.</text>
<text transform="matrix(0.9716 0 0 1 75.8096 327.7246)" class="st15 st16 st18">0</text>
<text transform="matrix(0.9716 0 0 1 69.0083 313.6494)" class="st15 st16 st17">2</text>
<text transform="matrix(0.9716 0 0 1 73.8662 313.6494)" class="st15 st16 st17">.</text>
<text transform="matrix(0.9716 0 0 1 75.8096 313.6494)" class="st15 st16 st17">5</text>
<text transform="matrix(0.9716 0 0 1 69.0083 299.5742)" class="st15 st16 st17">3</text>
<text transform="matrix(0.9716 0 0 1 73.8662 299.5742)" class="st15 st16 st17">.</text>
<text transform="matrix(0.9716 0 0 1 75.8096 299.5742)" class="st15 st16 st17">0</text>
<text transform="matrix(0.9716 0 0 1 69.0083 285.4697)" class="st15 st16 st17">3</text>
<text transform="matrix(0.9716 0 0 1 73.8662 285.4697)" class="st15 st16 st17">.</text>
<text transform="matrix(0.9716 0 0 1 75.8096 285.4697)" class="st15 st16 st17">5</text>
<text transform="matrix(0.9716 0 0 1 69.0083 271.4004)" class="st15 st16 st17">4</text>
<text transform="matrix(0.9716 0 0 1 73.8662 271.4004)" class="st15 st16 st17">.</text>
<text transform="matrix(0.9716 0 0 1 75.8096 271.4004)" class="st15 st16 st17">0</text>
<text transform="matrix(0.9716 0 0 1 69.0083 257.2998)" class="st15 st16 st18">4</text>
<text transform="matrix(0.9716 0 0 1 73.8662 257.2998)" class="st15 st16 st18">.</text>
<text transform="matrix(0.9716 0 0 1 75.8096 257.2998)" class="st15 st16 st18">5</text>
<text transform="matrix(0.9716 0 0 1 69.0083 243.2188)" class="st15 st16 st17">5</text>
<text transform="matrix(0.9716 0 0 1 73.8662 243.2188)" class="st15 st16 st17">.</text>
<text transform="matrix(0.9716 0 0 1 75.8096 243.2188)" class="st15 st16 st17">0</text>
<text transform="matrix(0.9716 0 0 1 69.0083 229.1494)" class="st15 st16 st17">5</text>
<text transform="matrix(0.9716 0 0 1 73.8662 229.1494)" class="st15 st16 st17">.</text>
<text transform="matrix(0.9716 0 0 1 75.8096 229.1494)" class="st15 st16 st17">5</text>
<text transform="matrix(0.9716 0 0 1 69.0083 215.0479)" class="st15 st16 st18">6</text>
<text transform="matrix(0.9716 0 0 1 73.8662 215.0479)" class="st15 st16 st18">.</text>
<text transform="matrix(0.9716 0 0 1 75.8096 215.0479)" class="st15 st16 st18">0</text>
<text transform="matrix(0.9716 0 0 1 69.0083 200.9697)" class="st15 st16 st17">6</text>
<text transform="matrix(0.9716 0 0 1 73.8662 200.9697)" class="st15 st16 st17">.</text>
<text transform="matrix(0.9716 0 0 1 75.8096 200.9697)" class="st15 st16 st17">5</text>
<text transform="matrix(0.9716 0 0 1 69.0083 186.8994)" class="st15 st16 st17">7</text>
<text transform="matrix(0.9716 0 0 1 73.8662 186.8994)" class="st15 st16 st17">.</text>
<text transform="matrix(0.9716 0 0 1 75.8096 186.8994)" class="st15 st16 st17">0</text>
<text transform="matrix(0.9716 0 0 1 93.0596 394.2012)" class="st15 st16 st18">T</text>
<text transform="matrix(0.9716 0 0 1 98.3066 394.2012)" class="st15 st16 st18">2</text>
<text transform="matrix(0.9716 0 0 1 106.7856 394.2012)" class="st15 st16 st18">T</text>
<text transform="matrix(0.9716 0 0 1 112.0322 394.2012)" class="st15 st16 st18">4</text>
<text transform="matrix(0.9716 0 0 1 120.4858 394.2012)" class="st15 st16 st18">T</text>
<text transform="matrix(0.9716 0 0 1 125.7324 394.2012)" class="st15 st16 st18">2</text>
<text transform="matrix(0.9716 0 0 1 134.2114 394.2012)" class="st15 st16 st18">T</text>
<text transform="matrix(0.9716 0 0 1 139.458 394.2012)" class="st15 st16 st18">4</text>
<text transform="matrix(0.9716 0 0 1 147.9116 394.2012)" class="st15 st16 st18">T</text>
<text transform="matrix(0.9716 0 0 1 153.1582 394.2012)" class="st15 st16 st18">2</text>
<text transform="matrix(0.9716 0 0 1 161.6372 394.2012)" class="st15 st16 st18">T</text>
<text transform="matrix(0.9716 0 0 1 166.8838 394.2012)" class="st15 st16 st18">4</text>
<text transform="matrix(0.9716 0 0 1 175.3374 394.2012)" class="st15 st16 st18">T</text>
<text transform="matrix(0.9716 0 0 1 180.584 394.2012)" class="st15 st16 st18">2</text>
<text transform="matrix(0.9716 0 0 1 189.0581 394.2012)" class="st15 st16 st18">T</text>
<text transform="matrix(0.9716 0 0 1 194.3047 394.2012)" class="st15 st16 st18">4</text>
<text transform="matrix(0.9716 0 0 1 202.7676 394.2012)" class="st15 st16 st18">T</text>
<text transform="matrix(0.9716 0 0 1 208.0146 394.2012)" class="st15 st16 st18">2</text>
<text transform="matrix(0.9716 0 0 1 216.4883 394.2012)" class="st15 st16 st18">T</text>
<text transform="matrix(0.9716 0 0 1 221.7354 394.2012)" class="st15 st16 st18">4</text>
<text transform="matrix(0.9716 0 0 1 230.1885 394.2012)" class="st15 st16 st18">T</text>
<text transform="matrix(0.9716 0 0 1 235.4355 394.2012)" class="st15 st16 st18">2</text>
<text transform="matrix(0.9716 0 0 1 243.8887 394.2012)" class="st15 st16 st18">T</text>
<text transform="matrix(0.9716 0 0 1 249.1357 394.2012)" class="st15 st16 st18">4</text>
<text transform="matrix(0.9716 0 0 1 257.6094 394.2012)" class="st15 st16 st18">T</text>
<text transform="matrix(0.9716 0 0 1 262.8564 394.2012)" class="st15 st16 st18">2</text>
<text transform="matrix(0.9716 0 0 1 271.3096 394.2012)" class="st15 st16 st18">T</text>
<text transform="matrix(0.9716 0 0 1 276.5566 394.2012)" class="st15 st16 st18">4</text>
<text transform="matrix(0.9716 0 0 1 285.04 394.2012)" class="st15 st16 st18">T</text>
<text transform="matrix(0.9716 0 0 1 290.2871 394.2012)" class="st15 st16 st18">2</text>
<text transform="matrix(0.9716 0 0 1 298.7402 394.2012)" class="st15 st16 st18">T</text>
<text transform="matrix(0.9716 0 0 1 303.9873 394.2012)" class="st15 st16 st18">4</text>
<text transform="matrix(0.9716 0 0 1 312.4716 394.2012)" class="st15 st16 st18">T</text>
<text transform="matrix(0.9716 0 0 1 317.7188 394.2012)" class="st15 st16 st18">2</text>
<text transform="matrix(0.9716 0 0 1 326.1709 394.2012)" class="st15 st16 st18">T</text>
<text transform="matrix(0.9716 0 0 1 331.418 394.2012)" class="st15 st16 st18">4</text>
<text transform="matrix(0.9716 0 0 1 339.8916 394.2012)" class="st15 st16 st18">T</text>
<text transform="matrix(0.9716 0 0 1 345.1387 394.2012)" class="st15 st16 st18">2</text>
<text transform="matrix(0.9716 0 0 1 353.5918 394.2012)" class="st15 st16 st18">T</text>
<text transform="matrix(0.9716 0 0 1 358.8389 394.2012)" class="st15 st16 st18">4</text>
<text transform="matrix(0.9716 0 0 1 367.3125 394.2012)" class="st15 st16 st18">T</text>
<text transform="matrix(0.9716 0 0 1 372.5596 394.2012)" class="st15 st16 st18">2</text>
<text transform="matrix(0.9716 0 0 1 381.0234 394.2012)" class="st15 st16 st18">T</text>
<text transform="matrix(0.9716 0 0 1 386.2705 394.2012)" class="st15 st16 st18">4</text>
<text transform="matrix(0.9716 0 0 1 394.7432 394.2012)" class="st15 st16 st18">T</text>
<text transform="matrix(0.9716 0 0 1 399.9902 394.2012)" class="st15 st16 st18">2</text>
<text transform="matrix(0.9716 0 0 1 408.4434 394.2012)" class="st15 st16 st18">T</text>
<text transform="matrix(0.9716 0 0 1 413.6904 394.2012)" class="st15 st16 st18">4</text>
<text transform="matrix(0.9716 0 0 1 124.065 402.2852)" class="st15 st16 st17">2007</text>
<text transform="matrix(0.9716 0 0 1 143.3994 402.2852)" class="st15 st16 st17"> </text>
<text transform="matrix(0.9716 0 0 1 144.7598 402.2852)" class="st15 st16 st17">              </text>
<text transform="matrix(0.9716 0 0 1 174.7822 402.2852)" class="st15 st16 st17">2009</text>
<text transform="matrix(0.9716 0 0 1 194.1172 402.2852)" class="st15 st16 st17"> </text>
<text transform="matrix(0.9716 0 0 1 195.4776 402.2852)" class="st15 st16 st17">               </text>
<text transform="matrix(0.9716 0 0 1 227.54 402.2852)" class="st15 st16 st17">2011</text>
<text transform="matrix(0.9716 0 0 1 246.9717 402.2852)" class="st15 st16 st17">      </text>
<text transform="matrix(0.9716 0 0 1 259.7969 402.2852)" class="st15 st16 st17"> </text>
<text transform="matrix(0.9716 0 0 1 261.1572 402.2852)" class="st15 st16 st17">         </text>
<text transform="matrix(0.9716 0 0 1 280.3955 402.2852)" class="st15 st16 st17">2013</text>
<text transform="matrix(0.9716 0 0 1 299.7305 402.2852)" class="st15 st16 st17">            </text>
<text transform="matrix(0.9716 0 0 1 325.4775 402.2852)" class="st15 st16 st17"> </text>
<text transform="matrix(0.9716 0 0 1 326.8379 402.2852)" class="st15 st16 st17">   </text>
<text transform="matrix(0.9716 0 0 1 333.25 402.2852)" class="st15 st16 st17">2015</text>
<text transform="matrix(0.9716 0 0 1 352.585 402.2852)" class="st15 st16 st17">                </text>
<text transform="matrix(0.9716 0 0 1 386.7852 402.2852)" class="st15 st16 st17">201</text>
<text transform="matrix(0.9716 0 0 1 401.3594 402.2852)" class="st15 st16 st17">7</text>
<text id="XMLID_5_" transform="matrix(0.9671 0 0 1 229.1675 400.2988)" class="st15 st16 st19"> </text>
<text id="XMLID_1_" transform="matrix(1 0 0 1 59.6929 170.1051)" class="st20 st21 st22">Inflación general, promedio trimestral, %, histórico y pronóstico</text>
<g id="XMLID_8_">
	<path id="XMLID_11_" class="st20" d="M46.4,33.5c0.6,0.6,1.3,1.7,1.3,2.6c0,0.6-0.3,1.2-0.7,1.7c-0.6,0.8-2.1,2.4-2.6,3.1
		c-0.4,0.4-0.6,0.9-0.6,1.5c0,1.8,1,2.7,2.3,2.7c1.4,0,2-0.9,2-1.8c0-0.5-0.1-0.8-0.2-1.1c-0.1-0.3-0.1-0.6,0.2-0.8
		c0.4-0.3,0.7-0.4,1.1-0.4c0.6,0,1.2,0.5,1.2,1.5c0,2.1-2.4,3.5-4.3,3.5c-2.6,0-4.2-1.7-4.2-4.3c0-1.3,0.6-2.2,1.3-2.8
		c0.9-0.8,1.8-1.8,2.3-2.5c0.6-0.7,0.8-1.3,0.4-2.4L46.4,33.5z M46.2,28c0.8,0,1.5,0.7,1.5,1.7s-0.7,1.7-1.6,1.7s-1.6-0.7-1.6-1.7
		C44.6,28.7,45.2,28,46.2,28L46.2,28z"/>
	<path id="XMLID_16_" class="st20" d="M68.2,42.9c-0.7,0.7-2,1.1-3.2,1.1c-1.5,0-3-1-4.9-2.6c-0.9-0.8-1.6-1.1-2.4-1.3
		c-2.5-0.5-5.4-2.6-5.4-8.3c0-5,2.5-9.1,7.4-9.1c4.4,0,6.9,3.6,6.9,8.6c0,6.2-3,8.4-5.6,8.9v0.1c0.6,0.4,1.8,0.9,2.7,1.3
		c1.1,0.5,2.2,0.8,3.2,0.9c0.4,0.1,0.9,0,1.3-0.1C68.2,42.4,68.2,42.9,68.2,42.9z M59.5,23.4c-1.3,0-2.4,0.7-3.2,2.1
		c-0.6,1.2-1.1,3.3-1.1,5.9c0,2.4,0.5,4.8,1.2,6c0.8,1.3,1.9,2,3.2,2c1.2,0,2.2-0.5,2.9-1.8c0.7-1.2,1.1-3.5,1.1-6.3
		c0-2.4-0.4-4.6-1.1-5.9C62,24.1,60.9,23.4,59.5,23.4L59.5,23.4z"/>
	<path id="XMLID_20_" class="st20" d="M75.5,28.4c0.8,0,1.8-0.1,2.5-0.1c0.8-0.1,1.3-0.1,1.6-0.1c0,0.8-0.1,2.2-0.1,3.9v3.3
		c0,1.7,0,2.7,0.1,3.3c0.1,0.5,0.2,0.5,1.8,0.5l-0.1,0.7c-0.6,0-1.4,0.1-2.2,0.1c-0.8,0.1-1.4,0.2-1.8,0.2c0-0.6-0.1-1.6-0.1-2.4
		c-0.8,1.1-2.3,2.4-4.4,2.4c-1.5,0-2.2-0.6-2.4-1.2c-0.2-0.4-0.3-0.9-0.3-1.5c0-1.5,0.1-3.9,0.1-5.7c0-1.2,0-1.9-0.1-2.3
		c0-0.4-0.3-0.4-1.6-0.4l0.1-0.7c0.8,0,1.6,0,2.4-0.1c0.7-0.1,1.3-0.1,1.7-0.2c-0.1,0.7-0.2,2.2-0.2,5.3c0,2.6,0,4.1,0.1,4.7
		c0.1,0.6,0.5,0.9,1.3,0.9c1.4,0,2.6-1,3.1-2.4c0.2-0.6,0.3-1,0.3-1.6v-2.9c0-1.2,0-2.1-0.1-2.6c-0.1-0.4-0.3-0.4-1.6-0.5L75.5,28.4
		z"/>
	<path id="XMLID_23_" class="st20" d="M87.9,40.3c-1.9,0-3.1-0.7-3.9-1.8c-0.7-0.9-1.1-2.5-1.1-4.1c0-3.3,1.7-6.4,5.2-6.4
		c3.6,0,4.3,3.1,4.2,4.6c0,0.5-0.2,1-0.5,1.1c-0.5,0.2-1.8,0.3-3.4,0.4h-3.1c-0.1,1.6,0.3,2.9,0.8,3.6c0.6,0.9,1.3,1.3,2.4,1.3
		c1.5,0,2.4-0.7,3.1-2.5l0.7,0.4C91.6,39.2,90.1,40.3,87.9,40.3z M88,28.8c-1.7,0-2.5,2.4-2.5,4.5h2c1.1,0,1.7-0.1,2.2-0.1
		c0.4-0.1,0.5-0.4,0.5-1C90.1,30.8,89.7,28.8,88,28.8L88,28.8z M86.7,26.4c0.5-0.8,1.9-3.3,2.4-4c0.4-0.6,0.9-0.9,1.4-0.9
		s0.8,0.4,0.8,0.9s-0.4,1.1-0.8,1.5c-0.5,0.5-1.7,1.5-3.2,3L86.7,26.4z"/>
	<path id="XMLID_29_" class="st20" d="M98.4,28.3c0.5,0,1.6,0.1,2.5,0.1c1,0,2.1-0.1,2.8-0.1l0.1,0.8l-0.9,0.1
		c-0.5,0.1-0.5,0.2-0.4,0.7c0.7,2.3,1.9,5.8,2.5,7.5c0.8-2.2,1.8-5.2,2.4-7.4c0.1-0.5,0.1-0.6-0.3-0.7l-1.1-0.1v-0.8
		c0.8,0,1.6,0.1,2.3,0.1c0.9,0,1.6-0.1,2.1-0.1v0.8c-1.2,0.1-1.5,0.3-2,1.4c-1.2,3-2.6,6.9-3.5,9.6c-0.4,0-0.8,0.1-1.3,0.1
		c-1-3.1-2.9-8.5-3.5-10.1c-0.4-0.9-0.6-1.1-1.7-1.1V28.3z"/>
	<path id="XMLID_32_" class="st20" d="M117.5,31c0-1.2-0.5-2.2-1.9-2.2s-2.1,0.8-2.1,1.8c0,0.3,0.1,0.6,0.1,0.8
		c0.1,0.2-0.1,0.4-0.2,0.5c-0.2,0.2-0.5,0.3-0.9,0.3c-0.6,0-1.1-0.3-1.1-1.2c0-1.3,1.8-3,4.6-3c2,0,3,0.9,3.3,1.4
		c0.2,0.4,0.4,0.9,0.4,1.4c0,0.8,0,5.3,0,7c0,1,0.3,1.2,0.6,1.2c0.4,0,0.8-0.5,1-1.6l0.7,0.3c-0.4,1.8-1.4,2.5-2.6,2.5
		c-1.3,0-1.8-0.8-2-1.9c-1.1,1.2-2.3,1.9-3.5,1.9c-1.9,0-3.1-1.4-3.1-3.3c0-1.1,0.4-2,1.4-2.4c1.7-0.8,4.2-1.6,5.2-2.4L117.5,31
		L117.5,31z M113.4,36.6c0,1.2,0.6,2.3,1.8,2.3c1.1,0,1.8-0.6,2.2-1.6c0.1-0.3,0.1-0.7,0.1-1.1v-3.1c-0.7,0.4-1.9,0.9-2.9,1.5
		C113.9,35,113.4,35.4,113.4,36.6L113.4,36.6z"/>
	<path id="XMLID_39_" class="st20" d="M134.9,31c0-1.2-0.5-2.2-1.9-2.2s-2.1,0.8-2.1,1.8c0,0.3,0.1,0.6,0.1,0.8
		c0.1,0.2-0.1,0.4-0.2,0.5c-0.2,0.2-0.5,0.3-0.9,0.3c-0.6,0-1.1-0.3-1.1-1.2c0-1.3,1.8-3,4.6-3c2,0,3,0.9,3.3,1.4
		c0.2,0.4,0.4,0.9,0.4,1.4c0,0.8,0,5.3,0,7c0,1,0.3,1.2,0.6,1.2c0.4,0,0.8-0.5,1-1.6l0.7,0.3c-0.4,1.8-1.4,2.5-2.6,2.5
		c-1.3,0-1.8-0.8-2-1.9c-1.1,1.2-2.3,1.9-3.5,1.9c-1.9,0-3.1-1.4-3.1-3.3c0-1.1,0.4-2,1.4-2.4c1.7-0.8,4.2-1.6,5.2-2.4V31H134.9z
		 M130.8,36.6c0,1.2,0.6,2.3,1.8,2.3c1.1,0,1.8-0.6,2.2-1.6c0.1-0.3,0.1-0.7,0.1-1.1v-3.1c-0.7,0.4-1.9,0.9-2.9,1.5
		C131.3,35,130.8,35.4,130.8,36.6L130.8,36.6z"/>
	<path id="XMLID_44_" class="st20" d="M144.8,45.3c1.6-0.1,1.8-0.2,1.9-0.8c0.1-0.9,0.2-2.3,0.2-5.2v-6.2c0-2,0-3-0.1-3.5
		c0-0.4-0.3-0.5-1.7-0.4l0.2-0.7c1.2-0.1,2.6-0.2,3.8-0.5c0.1,0.6,0.1,1.5,0.1,2c1.2-1.2,2.5-2.1,4-2.1c1.3,0,2.3,0.6,2.9,1.5
